110005300303
110000100215
110000300217
110000400218
110000500219
110000600220
110000800222
110000900223
110001000224
110001100225
110001200226
110001300227
110001400228
110001500229
110001700231
110001800232
110002000234
110002100235
110002200236
110002600240
110002800244
110002900245
110003000001
110003000002
110003000003
110003000004
110003000008
110003000010
110003000011
110003000013
110003000016
110003000019
110003000020
110003000021
110003000022
110003000023
110003000024
110003000025
110003000027
110003000028
110003000029
110003000030
110003000032
110003000033
110003000034
110003000035
110003000036
110003000037
110003000041
110003000042
110003000044
110003000045
110003000048
110003000049
110003000050
110003000054
110003000055
110003000061
110003000062
110003000064
110003000065
110003000067
110003000068
110003000069
110003000070
110003000072
110003000073
110003000074
110003000075
110003000076
110003000078
110003000079
110003000081
110003000082
110003000084
110003000085
110003000087
110003000089
110003000090
110003000092
110003000094
110003000096
110003000097
110003000099
110003000100
110003000102
110003000103
110003000106
110003000107
110003000110
110003000111
110003000112
110003000113
110003000118
110003000119
110003000120
110003000121
110003000122
110003000125
110003000126
110003000130
110003000131
110003000133
110003000135
110003000138
110003000141
110003000143
110003000144
110003000145
110003000149
110003000151
110003000152
110003000153
110003000156
110003000157
110003000158
110003000160
110003000161
110003000163
110003000164
110003000165
110003000171
110003000173
110003000174
110003000175
110003000176
110003000177
110003000179
110003000180
110003000181
110003000182
110003000183
110003000185
110003000186
110003000188
110003000191
110003000198
110003000200
110003000203
110003000205
110003000207
110003000261
110003000264
110003000265
110003000267
110003000268
110003000272
110003100246
110003200247
110003300248
110003400249
110003500253
110003600254
110003700255
110003800256
110003900257
110004000258
110004200273
110004300274
110004400275
110004500279
110004600280
110004800277
00252626
00252637
00252648
00252681
00252772
00252819
00252885
00252921
00252954
00252976
00253018
00253029
00253062
00253073
00253324
00253415
00253437
00253448
00253539
00253674
00253732
00253823
00253834
00253914
01605162
01605173
02015988
02016096
02032143
A0101691
A0101694
A0103989
A0300740
A0304036
A0304038
A0304039
A0304040
A0307370
A0307372
A0307375
A0307376
A0307377
A9101622
A9101627
A9101628
A9101631
A9101632
A9101634
A9300244
A9302652
A9501056
A9501063
A9501069
A9501074
A9700898
A9700911
A9901120
A9901121
A9901122
A9901124
K9301156
X0253211
A0500920
A0300737
A0500921
00252739
A0500918
A0500914
A0500912
00253426
Y9101619
00252659
A9101623
A0770674
A0770678
A0790036
A0770682
A0770697
A0770704
A0770716
A0500919
A0770718
A0700416
110004700299
110005000300
110000500328
110006100346
110005600306
110003000296
110005700307
110000800323
110000800341
110000800338
110005100301
110005800308
110007000332
110006000310
110002100347
110006600318
110006400367
110001900324
110005900309
110000500377
110000800382
110003100381
110003100376
110004800388
110005100386
110007100379
110003000385
110001400391
110001400392
110002900389
110002900390
110003000396
110003000397
110003000407
110003000418
110003000266
110003000416
110003500414
110001200401
110007200405
110007300394
110007300400
110007300393
110007300412
110007300395
110007300404
110007300403
110007400409
110007700411
110007500406
110000800422
110002900425
110003100419
110003100421
110004500426
110001900423
110005300428
110007900424
110000400420
110007900429
00253517
A0900738
A0900739
A0900742
A0900746
A0900748
A0901660
110005400435
110004300433
110004900434
110005700431
110003100432
110005300430
110002000436
240003000001
240003000003
240003000005
240003000006
240003000007
240003000010
240003000014
240003000015
240003000016
240003000017
240003000019
240003000023
240003000024
240003000026
240003000030
240003000031
240003000032
240003000033
240003000886
240003001338
240003001359
240003001389
240003001545
240003001546
240003002942
240006000035
240006000036
240006000037
240006000038
240006000039
240006000040
240006000041
240006000042
240006000043
240006000044
240006000045
240006000046
240006000047
240006000048
240006000049
240006000050
240006000051
240006000053
240006000054
240006000055
240006000056
240006000058
240006000059
240006000060
240006000061
240006000062
240006000063
240006000064
240006000065
240006000067
240006000068
240006000069
240006000071
240006000072
240006000073
240006000074
240006000075
240006000076
240006000077
240006000078
240006000079
240006000080
240006000081
240006000082
240006000083
240006000084
240006000085
240006000086
240006000087
240006000088
240006000089
240006000090
240006000091
240006000092
240006000093
240006000094
240006000095
240006000096
240006000097
240006000098
240006000099
240006000100
240006000102
240006000103
240006000104
240006000105
240006000106
240006000107
240006000108
240006000109
240006000110
240006000111
240006000112
240006000113
240006000114
240006000116
240006000117
240006000118
240006000119
240006000120
240006000121
240006000122
240006000123
240006000124
240006000125
240006000126
240006000127
240006000128
240006000129
240006000130
240006000131
240006000132
240006000133
240006000134
240006000135
240006000136
240006000137
240006000138
240006000139
240006000140
240006000142
240006000823
240006000824
240006000895
240006000899
240006000900
240006000905
240006000906
240006001401
240006001402
240006001403
240006001421
240006001425
240006001515
240006001516
240006001517
240006002944
240006090441
240006090462
240009000143
240009000145
240009000146
240009000147
240009000148
240009000149
240009000150
240009000151
240009000152
240009000153
240009000154
240009000155
240009000156
240009000157
240009000158
240009000160
240009000161
240009000163
240009000164
240009000167
240009000168
240009000169
240009000171
240009000174
240009000175
240009000176
240009000178
240009000179
240009000180
240009000182
240009000183
240009000184
240009000186
240009000187
240009000188
240009000189
240009000192
240009000193
240009000194
240009000195
240009000196
240009000199
240009000201
240009000203
240009000204
240009000205
240009000208
240009000209
240009000210
240009000212
240009000213
240009000215
240009000219
240009000220
240009000222
240009000223
240009000224
240009000226
240009000228
240009000229
240009000231
240009000233
240009000234
240009000235
240009000236
240009000239
240009000241
240009000243
240009000244
240009000246
240009000247
240009000253
240009000255
240009000256
240009000257
240009000258
240009000260
240009000264
240009000266
240009000268
240009000270
240009000273
240009000276
240009000277
240009000278
240009000279
240009000280
240009000282
240009000284
240009000285
240009000286
240009000289
240009000292
240009000293
240009000296
240009000297
240009000298
240009000299
240009000303
240009000305
240009000306
240009000307
240009000309
240009000310
240009000312
240009000313
240009000319
240009000320
240009000322
240009000323
240009000326
240009000328
240009000329
240009000330
240009000331
240009000332
240009000334
240009000335
240009000336
240009000337
240009000339
240009000340
240009000571
240009000602
240009000883
240009000884
240009000885
240009001098
240009001153
240009001291
240009001297
240009001302
240009001313
240009001324
240009001331
240009001339
240009001343
240009001363
240009001364
240009001369
240009001381
240009001383
240009001385
240009001387
240009001388
240009001390
240009001391
240009001428
240009001430
240009001478
240009001480
240009001527
240009001528
240009001529
240009001530
240009001531
240009001533
240009001558
240009001559
240009001560
240009001562
240012000021
240012000230
240012000248
240012000341
240012000342
240012000344
240012000345
240012000346
240012000347
240012000348
240012000349
240012000350
240012000351
240012000352
240012000353
240012000354
240012000355
240012000356
240012000357
240012000358
240012000359
240012000360
240012000361
240012000362
240012000363
240012000364
240012000365
240012000366
240012000367
240012000369
240012000370
240012000371
240012000372
240012000373
240012000374
240012000375
240012000376
240012000377
240012000379
240012000381
240012000382
240012000383
240012000384
240012000385
240012000386
240012000387
240012000388
240012000389
240012000390
240012000391
240012000395
240012000397
240012000398
240012000399
240012000400
240012000401
240012000402
240012000405
240012000406
240012000407
240012000408
240012000410
240012000411
240012000412
240012000413
240012000415
240012000416
240012000417
240012000419
240012000420
240012000421
240012000424
240012000425
240012000426
240012000429
240012000430
240012000431
240012000432
240012000434
240012000435
240012000436
240012000437
240012000438
240012000439
240012000441
240012000442
240012000443
240012000444
240012000445
240012000446
240012000447
240012000448
240012000449
240012000450
240012000451
240012000452
240012000453
240012000454
240012000455
240012000456
240012000457
240012000458
240012000459
240012000460
240012000461
240012000462
240012000463
240012000464
240012000465
240012000466
240012000467
240012000469
240012000470
240012000471
240012000472
240012000473
240012000474
240012000476
240012000477
240012000478
240012000479
240012000481
240012000482
240012000483
240012000484
240012000487
240012000489
240012000490
240012000491
240012000492
240012000495
240012000497
240012000498
240012000499
240012000500
240012000501
240012000502
240012000503
240012000777
240012000831
240012000910
240012000917
240012000925
240012000935
240012000936
240012000938
240012001159
240012001340
240012001341
240012001346
240012001347
240012001372
240012001405
240012001406
240012001422
240012001431
240012001432
240012001433
240012001434
240012001435
240012001438
240012001439
240012001440
240012001547
240012002945
240012090440
240012090444
240015000022
240015000027
240015000504
240015000505
240015000507
240015000508
240015000509
240015000511
240015000513
240015000514
240015000515
240015000516
240015000517
240015000611
240015000778
240015000790
240015000962
240015000967
240015001102
240015001342
240015001344
240015001392
240015001505
240015002946
240015090465
240018000518
240018000519
240018000520
240018000521
240018000522
240018000523
240018000524
240018000525
240018000526
240018000968
240021000052
240021000368
240021000527
240021000529
240021000530
240021000531
240021000532
240021000533
240021000534
240021000535
240021000536
240021000537
240021000538
240021000539
240021000540
240021000541
240021000542
240021000543
240021000544
240021000545
240021000546
240021000547
240021000548
240021000550
240021000551
240021000552
240021000553
240021000554
240021000555
240021000835
240021000976
240021000977
240021000979
240021001105
240021001161
240021001185
240021001348
240021001349
240021001350
240021001353
240021001394
240021001414
240021001548
240021002947
240021090466
240021090467
240024000556
240024000557
240024000558
240024000559
240024000560
240024000562
240024000563
240024000564
240024000565
240024000566
240024000567
240024000568
240024000569
240024000570
240024000572
240024000573
240024000574
240024000575
240024000576
240024000577
240024000578
240024000579
240024000580
240024000581
240024000791
240024000984
240024001491
240024090468
240024090469
240027000141
240027000144
240027000380
240027000501
240027000582
240027000583
240027000584
240027000585
240027000586
240027000588
240027000589
240027000591
240027000592
240027000593
240027000594
240027000595
240027000596
240027000597
240027000598
240027000599
240027000600
240027000601
240027000604
240027000606
240027000607
240027000609
240027000610
240027000615
240027000805
240027001162
240027001395
240027001416
240027001492
240027001519
240030000612
240030000614
240030000617
240030000618
240030000619
240030000621
240030000622
240030000624
240030000625
240030000841
240030000994
240030001423
240033000159
240033000392
240033000616
240033000620
240033000626
240033000627
240033000628
240033000629
240033000631
240033000632
240033000634
240033000635
240033000636
240033000637
240033000638
240033000639
240033000640
240033000641
240033000642
240033000643
240033000645
240033000646
240033000647
240033000648
240033000649
240033000650
240033000651
240033000652
240033000653
240033000654
240033000655
240033000656
240033000657
240033000658
240033000659
240033000661
240033000807
240033000847
240033001007
240033001011
240033001015
240033001163
240033001165
240033001166
240033001187
240033001355
240033001357
240033001379
240033001409
240033001410
240033001412
240033001413
240033001429
240033001442
240033001521
240033001549
240033001550
240033090446
240033090470
240033090471
240033090472
240033090473
240036000662
240036000663
240036000664
240036000665
240036000666
240036000667
240036000668
240036000669
240036000671
240036000673
240036000674
240036000675
240036000676
240036000852
240036001351
240039000162
240039000394
240039000468
240039000480
240039000485
240039000678
240039000679
240039000680
240039000681
240039000682
240039000683
240039000684
240039000685
240039000686
240039000687
240039000688
240039000689
240039000690
240039000691
240039000692
240039000693
240039000694
240039000695
240039000696
240039000697
240039000698
240039000700
240039000701
240039000702
240039000703
240039000704
240039000705
240039000706
240039000707
240039000708
240039000709
240039000710
240039000711
240039000712
240039000713
240039000715
240039000716
240039000717
240039001352
240039001380
240039001397
240039001443
240039002948
240039090447
240039090475
240039090476
240042000173
240042000177
240042000396
240042000403
240042000488
240042000633
240042000718
240042000719
240042000720
240042000721
240042000722
240042000723
240042000724
240042000725
240042000727
240042000728
240042000731
240042000732
240042000733
240042000734
240042000735
240042000736
240042000737
240042000738
240042000740
240042000741
240042000742
240042000743
240042000744
240042000745
240042000746
240042000748
240042000749
240042000751
240042000753
240042000754
240042000755
240042000756
240042000757
240042000758
240042000760
240042000761
240042000762
240042000763
240042000764
240042000813
240042000816
240042000822
240042000856
240042000859
240042000860
240042001026
240042001032
240042001115
240042001172
240042001189
240042001200
240042001361
240042001382
240042001415
240042001437
240042001444
240042001507
240042001522
240042001551
240042001552
240042002949
240042090448
240042090449
240042090477
240042090478
240045000765
240045000766
240045000768
240045000769
240045000770
240045000772
240048000181
240048000185
240048000191
240048000404
240048000409
240048000493
240048000496
240048000502
240048000503
240048000644
240048000660
240048000759
240048000773
240048000776
240048000779
240048000780
240048000781
240048000782
240048000783
240048000784
240048000785
240048000786
240048000787
240048000788
240048000789
240048000792
240048000793
240048000794
240048000796
240048000797
240048000798
240048000799
240048000800
240048000801
240048000803
240048000804
240048000806
240048000808
240048000809
240048000810
240048000814
240048000815
240048000817
240048000818
240048000819
240048000820
240048000821
240048000826
240048000827
240048000828
240048000829
240048000830
240048000832
240048000834
240048000836
240048000837
240048000838
240048000839
240048000840
240048000842
240048000843
240048000844
240048000845
240048000846
240048000848
240048000849
240048000850
510006000007
510006000014
510006001737
510006000006
510006000009
510006001738
510006000012
510006002028
510006002003
510006002434
510006002433
510009000030
510009000002
510009001937
510009000016
510009000017
510009000018
510009000020
510009000022
510009000027
510009000028
510009002173
510009000029
510009001882
510009000032
510009000033
510009000003
510009000036
510009000015
510009001747
510009000035
510009000023
510009000024
510009000025
510009000026
510009000751
510012000038
510012001826
510012000039
510012000043
510012000044
510012000045
510012000047
510012000048
510012000050
510012000052
510012002549
510012000055
510012000054
510012000040
510012000042
510015201884
510015201885
510015201889
510015201938
510015201891
510015201883
510015201888
510018000062
510018001828
510018000063
510021000064
510021000067
510021000068
510021000069
510021000010
510021000074
510021000075
510021000065
510021000066
510021000072
510024000077
510024000079
510024000076
510024000078
510027000109
510027000081
510027001067
510027000104
510027000082
510027000083
510027000084
510027001940
510027000093
510027002404
510027000087
510027000090
510027000092
510027000094
510027001900
510027000097
510027000100
510027000101
510027000102
510027000103
510027000013
510027000108
510027000110
510027000111
510027000112
510027000115
510027000752
510027000098
510027000099
510027000107
510027000113
510030000116
510030000118
510030000119
510030000120
510030001080
510030001901
510030000125
510030000127
510030000128
510030000131
510030000135
510030000137
510030000117
510030000124
510030000129
510030000132
510030000138
510030002140
510030001830
510030000130
510030002435
510033000140
510036002141
510036000144
510036000145
510036000146
510036000147
510036002142
510036002526
510036000149
510036000152
510036000153
510036002109
510036000155
510036000157
510036000158
510036002525
510036002175
510036000151
510036000156
510036000143
510036002174
510036002029
510039000046
510039000021
510039000031
510039000019
510042000165
510042000166
510042000169
510042000170
510042002527
510042000173
510042000171
510042000172
510042000164
510042001354
510045000175
510045000176
510045000177
510045000181
510045000179
510045000180
510048000184
510048000185
510048000188
510048000183
510048000182
510051001945
510051001897
510051002052
510051001946
510051000193
510051000200
510051001947
510054000211
510054000212
510054000213
510054000210
510054000209
510056000218
510056000215
510056000216
510056000217
510060000225
510060000220
510060000233
510060000219
510060000226
510060000230
510060002528
510060000232
510060000234
510060000223
510060000231
510060000224
510060002771
510066000237
510066000236
510066000241
510066000238
510066000051
510069000244
510069000245
510069000246
510069000247
510069000250
510069000253
510069000254
510069000257
510069000242
510069000248
510072000260
510072000258
510072000261
510075000262
510075002005
510075000269
510075000270
510075000264
510078000272
510078002110
510078000275
510078000276
510078000266
510078002143
510078000279
510078000273
510078000271
510081000285
510081000280
510081000457
510081000281
510081000282
510081001483
510081000286
510081002223
510081000288
510081000291
510081000292
510081000293
510081000294
510081002432
510081000456
510081000295
510081000459
510081002054
510081000298
510081000302
510081000305
510081000306
510081000307
510081000308
510081000309
510081000304
510081001899
510081000311
510081001910
510081001832
510081002765
510081002031
510081001482
510081000299
510081000303
510081000312
510081000287
510081000289
510081000296
510081002557
510081000297
510081001672
510081000300
510081001954
510081000310
510081000313
510084001605
510084000314
510084000462
510084000315
510084000316
510084000762
510084000317
510084000318
510084000319
510084000320
510084002055
510084000325
510084002177
510084000326
510084000327
510084002097
510084000328
510084000330
510084000331
510084000332
510084000333
510084000334
510084000335
510084000336
510084002098
510084001086
510084000339
510084001989
510084002056
510084000345
510084000346
510084000348
510084001903
510084001990
510084002099
510084001835
510084002176
510084000324
510084002661
510084000766
510084000337
510084000056
510084000340
510084000342
510084002006
510084001833
510084000350
510084000053
510084000321
510084000329
510084000338
510084000341
510084000343
510084000344
510084000347
510084000349
510084001834
510087000352
510087000354
510087002100
510087000353
510093001956
510093001957
510096000364
510096000365
510096000366
510096000361
510096000362
510099000368
510099000369
510099000367
510105000374
510105001612
510105000378
510105000380
510105000382
510105000376
510105000377
510105001958
510108000383
510108000057
510108000058
510111002750
510111000388
510111000389
510111002113
510111000392
510111000395
510111000268
510111000386
510111000398
510111001926
510111002261
510111000390
510111000387
510111000394
510111001233
510114000401
510114000407
510114000408
510114000400
510114000404
510114000405
510114000406
510117000411
510117000414
510117000417
510117000418
510117000416
510117000410
510117000409
510120000420
510120000421
510120000419
510126000497
510126001099
510126000579
510126000493
510126000516
510126000561
510126002436
510126000767
510126000424
510126002058
510126000426
510126000428
510126000429
510126000061
510126002116
510126000431
510126000073
510126000433
510126000435
510126001904
510126000438
510126000439
510126000440
510126000441
510126000442
510126002183
510126000775
510126001992
510126000448
510126000449
510126001836
510126000450
510126000451
510126000452
510126002333
510126000454
510126002118
510126002061
510126000455
510126002530
510126000768
510126000458
510126002117
510126002496
510126000464
510126000466
510126000467
510126000469
510126000470
510126000471
510126000472
510126001837
510126001767
510126000473
510126001838
510126000476
510126000478
510126000480
510126000482
510126000483
510126000484
510126000486
510126000487
510126000488
510126000490
510126001093
510126000491
510126000492
510126000494
510126000499
510126000501
510126000502
510126000460
510126000503
510126002334
510126000508
510126000509
510126001840
510126000514
510126000515
510126001091
510126000519
510126002063
510126000522
510126000525
510126000526
510126002335
510126000529
510126000531
510126000533
510126000536
510126002272
510126000539
510126000540
510126000543
510126000544
510126001993
510126000546
510126001994
510126000548
510126000549
510126000551
510126000552
510126000553
510126000556
510126002182
510126002336
510126002531
510126000559
510126000560
510126000562
510126000563
510126002119
510126002144
510126000477
510126000564
510126002115
510126000565
510126000567
510126000568
510126000569
510126000570
510126000571
510126001842
510126000573
510126000575
510126002060
510126000577
510126002146
510126000580
510126000088
510126000582
510126000583
510126000584
510126000586
510126000587
510126000588
510126000590
510126001843
510126002147
510126000594
510126000597
510126000598
510126000599
510126002034
510126000423
510126002114
510126000059
510126000461
510126000463
510126000468
510126000495
510126000517
510126000521
510126000532
510126000535
510126000538
510126000542
510126000550
510126000566
510126000505
510126000489
510126000585
510126002529
510126000600
510126001756
510126000453
510126002007
510126000479
510126000481
510126000496
510126000500
510126001839
510126000504
510126000530
510126000511
510126000513
510126000518
510126002271
510126000527
510126000557
510126001841
510126000474
510126000086
510126000574
510126000576
510126000475
510126000510
510126000512
510129000284
510129002204
510129001844
510129000283
510132002185
510132000604
510132000610
510132002184
510132000608
510132002533
510132000612
510132001846
510132000611
510132000615
510132000607
510132000854
510132002409
510132000605
510132000609
510132000614
510132000616
510135000617
510135000619
510135000620
510135000618
510138000622
510138000623
510138000624
510138000625
510138000089
510141000631
510141000628
510141002431
510144002148
510144000632
510144000633
510144000634
510144000635
510144000636
510144000639
510144000640
510144000641
510144000642
510144000643
510144000644
510144000637
510144002187
510144001614
510147000646
510147000091
510147000647
510147002501
510147000095
510147002121
510147002149
510147002534
510147001381
510147000659
510147000652
510147002337
510147000524
510147002437
510147000649
510147000523
510147000656
510151000660
510151002468
510151000661
510151002612
510156000665
510156000356
510156000301
510159001920
510159000671
510159000672
510159000673
510162000677
510162000678
510162001616
510162000679
510162002065
510162000682
510162000680
510162000681
510162002188
510165000683
510165000685
510165000689
510165000686
510165000687
510169000690
510169000693
510169002747
510169000696
510169000697
510169002189
510171001382
510171000700
510171002190
510171001802
510171000702
510171000106
510174000703
510174001827
510174000706
510174000707
510177000710
510177002745
510177000716
510177000717
510177002769
510177002759
510177000720
510177001848
510177000714
510180000725
510180000726
510180000727
510180000728
510180000729
510180000732
510180000735
510180000736
510180000737
510180000739
510180000743
510180000745
510180000746
510180000748
510180000749
510180000750
510180000754
510180000758
510180000761
510180000763
510180000731
510180000742
510180000747
510180000755
510180000730
510180000734
510180001890
510180000744
510180000760
510183000764
510183000765
510183001995
510183001617
510183000769
510183000770
510183000771
510183002506
510183000774
510183000777
510183002535
510183000779
510183001996
510183000781
510183000114
510183002338
510183000772
510183000776
510183002191
510183000773
510183002277
510183000780
510186000783
510186000785
510186000602
510186000787
510186000782
510186002150
510189000807
510189000810
510189000813
510189000869
510189000788
510189000824
510189000792
510189002756
510189000793
510189000812
510189000794
510189000796
510189001912
510189000798
510189002123
510189000801
510189000802
510189002441
510189000808
510189000797
510189000789
510189000814
510189000815
510189000821
510189000816
510189000817
510189002124
510189000818
510189001624
510189000819
510189000820
510189000822
510189000823
510189002410
510189000825
510189000826
510189000133
510189000827
510189000828
510189001384
510189000829
510189000830
510189000831
510189002536
510189000834
510189001128
510189002278
510189000795
510189001851
510189000804
510189000806
510189000809
510189000811
510189000805
510189000835
510189000790
510189000803
510189002757
510189000799
510189002440
510189001622
510189000800
510189001911
510189001850
510189000123
510189000832
510192000838
510192000859
510192000839
510192000848
510192002443
510192000853
510192000855
510192000857
510192000860
510192002125
510192000847
510192000840
510195000862
510195000861
510198000866
510198000357
510198000870
510198000867
510198000865
510201000547
510201000872
510201000873
510201002444
510201000876
510201000875
510201000877
510201000874
510201000906
510210000881
510210000884
510210002445
510210000882
510210000883
510212002151
510212002339
510212000886
510212000885
510207000879
510207000880
510207000878
510216000888
510216000889
510216000887
510219000890
510219000891
510219000892
510219000893
510219000894
510219000897
510219000901
510219000902
510219000903
510219002152
510219000904
510219000896
510219000900
510222000905
510222000907
510225002411
510225002285
510225000908
510225002153
510225002762
510225000134
510225001143
510225000911
510225002449
510225000912
510225000914
510225001915
510225002154
510225002413
